spawns: 
  default: 
    world: Dayz
    x: 7028.4301133771105
    y: 112.0
    z: 11744.523006728889
    yaw: -39.150005
    pitch: 58.34999
