world: DayZ
x: 12680.5
y: 106.0
z: 864.5
yaw: 165.90051
pitch: 66.149956
name: AirfieldNE
