world: DayZ
x: 4928.5
y: 51.0
z: 11832.5
yaw: 165.90051
pitch: 66.149956
name: BalotaAirfield
