world: DayZ
x: -1307.5
y: 65.0
z: 3024.5
yaw: 114.60024
pitch: 1.0499699
name: Balota_Airfield
