world: DayZ
x: 13232.5
y: 100.0
z: 3880.5
yaw: 165.90051
pitch: 66.149956
name: Berezino
