world: DayZ
x: 7084.637849735676
y: 164.0
z: 2235.4650461209085
yaw: 184.50053
pitch: 12.749939
name: devilscastle
