world: DayZ
x: 11720.5
y: 80.0
z: 7392.5
yaw: 37.35028
pitch: 41.69996
name: Dolina
