world: DayZ
x: 3344.5
y: 128.0
z: 9192.5
yaw: 37.35028
pitch: 41.69996
name: Drozhino
