world: DayZ
x: 10738.25677609818
y: 100.0
z: 3904.5
yaw: 37.35028
pitch: 41.69996
name: Dubrovka
