world: DayZ
x: 10459.344899426565
y: 52.117592937849146
z: 12305.16306546692
yaw: -44.549652
pitch: 9.599936
name: elektro
