world: DayZ
x: 10432.5
y: 51.0
z: 12216.5
yaw: 203.70035
pitch: 13.199941
name: Elektrozavodsk
