world: DayZ
x: 9728.5
y: 145.0
z: 4968.5
yaw: 37.35028
pitch: 41.69996
name: Gorka
