world: DayZ
x: 3672.5
y: 172.0
z: 7984.5
yaw: 37.35028
pitch: 41.69996
name: GreenMountain
