world: DayZ
x: 6240.5
y: 134.0
z: 3384.5
yaw: 37.35028
pitch: 41.69996
name: Grishino
