world: DayZ
x: 8712.5
y: 154.0
z: 7208.5
yaw: 37.35028
pitch: 41.69996
name: Guglovo
