world: DayZ
x: 8968.5
y: 150.0
z: 1704.5
yaw: 165.90051
pitch: 66.149956
name: Gvozdno
