world: DayZ
x: 5384.5
y: 149.0
z: 5216.5
yaw: 37.35028
pitch: 41.69996
name: Kabanino
