world: DayZ
x: 1730.261633992313
y: 51.0
z: 12015.974308725854
yaw: 176.70042
pitch: 11.999945
name: kamenka
