world: DayZ
x: 12600.5
y: 51.0
z: 10720.5
yaw: 203.70035
pitch: 13.199941
name: Kamyshovo
