world: DayZ
x: 12864.5
y: 100.0
z: 2728.5
yaw: 165.90051
pitch: 66.149956
name: Khelm
