world: DayZ
x: 4456.5
y: 126.0
z: 9440.5
yaw: 37.35028
pitch: 41.69996
name: Kozlovka
