world: DayZ
x: 11712.5
y: 117.0
z: 1280.5
yaw: 165.90051
pitch: 66.149956
name: Krasnostav
