world: DayZ
x: 2609.5
y: 135.0
z: 3784.5
yaw: -154.49965
pitch: 43.35006
name: Lopatino
