world: DayZ
x: 1856.5
y: 131.0
z: 6576.5
yaw: 37.35028
pitch: 41.69996
name: Myshkino
