world: DayZ
x: 5968.5
y: 101.0
z: 9352.5
yaw: 37.35028
pitch: 41.69996
name: Nadezhdino
