world: DayZ
x: 13512.5
y: 70.0
z: 5680.5
yaw: 165.90051
pitch: 66.149956
name: Nizhnoye
