world: DayZ
x: 7264.5
y: 142.0
z: 6176.5
yaw: 37.35028
pitch: 41.69996
name: NovySobor
