world: DayZ
x: 4600.5
y: 149.0
z: 3560.5
yaw: 165.90051
pitch: 66.149956
name: NWAirfield
