world: DayZ
x: 13960.5
y: 100.0
z: 696.5
yaw: 165.90051
pitch: 66.149956
name: Olsha
