world: DayZ
x: 12704.003330913323
y: 113.0
z: 6640.117090282951
yaw: 37.35028
pitch: 41.69996
name: Orlovets
