world: DayZ
x: 5040.5
y: 200.0
z: 1000.5
yaw: 165.90051
pitch: 66.149956
name: Petrovka
