world: DayZ
x: 4552.5
y: 137.0
z: 7584.5
yaw: 37.35028
pitch: 41.69996
name: Pogorevka
