world: DayZ
x: 11150.5
y: 121.0
z: 5760.5
yaw: -24.449717
pitch: 19.799953
name: polana
