world: DayZ
x: 1997.5768449085065
y: 73.0
z: 11819.699999988079
yaw: 186.49548
pitch: 4.7999353
name: PoliceHQ
