world: DayZ
x: 4944.5
y: 146.0
z: 8384.5
yaw: 37.35028
pitch: 41.69996
name: Pulkovo
