world: DayZ
x: 3016.5
y: 140.0
z: 5848.5
yaw: 37.35028
pitch: 41.69996
name: Pustoshka
