world: DayZ
x: 9517.632874630985
y: 123.0
z: 10247.834492498274
yaw: 203.70035
pitch: 13.199941
name: Pusta
