world: DayZ
x: 14015.530908994479
y: 70.0
z: 2979.7765115436905
yaw: 180.00276
pitch: 2.2498765
name: Rify
