world: DayZ
x: 4768.5
y: 135.0
z: 7088.5
yaw: 37.35028
pitch: 41.69996
name: Rogovo
