world: world
x: -56.237500011920936
y: 83.0
z: 247.05242516669182
yaw: -16.9234
pitch: 57.14998
name: sandık
lastowner: 2aff6269-309b-3950-a604-e01d221d554a
