world: DayZ
x: 9987.96800253075
y: 129.2443320824568
z: 7379.166903050776
yaw: -181.04956
pitch: 26.549957
name: Shakhovka
