world: DayZ
x: 14048.5
y: 100.0
z: 7744.5
yaw: 165.90051
pitch: 66.149956
name: Solnichniy
