world: DayZ
x: 2328.5
y: 142.0
z: 7664.5
yaw: 37.35028
pitch: 41.69996
name: Sosnovka
