world: DayZ
x: 6192.5
y: 142.0
z: 6112.5
yaw: 37.35028
pitch: 41.69996
name: StarySobor
