world: DayZ
x: 3832.5
y: 145.0
z: 5016.5
yaw: 37.35028
pitch: 41.69996
name: Vybor
