world: DayZ
x: 6736.5
y: 147.0
z: 7968.5
yaw: 37.35028
pitch: 41.69996
name: Vyshnoye
