world: DayZ
x: 2656.861983085676
y: 118.0
z: 8674.674700641563
yaw: 208.3503
pitch: 30.599966
name: zelenogorsk
